1545088776537192
1552207487001854
1547807874609109
1549495346986617
1550966674330496
1552314191804283
1554887487606255
1547702403216877
1539018034261023
1543148776726403
1546688762066080
1543059162087803
1553587864315739
1537307971556811
1537281685766988
1549147001778778
1550666241900566
1550781807142832
1550935648676002
1545409628358782
1549414470885495
1546551181745930
1549982161060389
1544912354826155
1553535710373130
1536928819374018
1550502864751528
1547724561467757
1553570263351311
1547498864321584
1546797884739913
1537893768517506
1550633884518654
1550423455574081
1536854034253373
1553513073675533
1552326841535443
1549227296692637
1550621250133484
1550124300139642
1549400766715529
1546714003335513
1550136591966375
1553664442841385
1556388838442697
1553679185083922
1547626811526514
1540185833306023
1553143222515571
1551029010800996
1536766846283363
1550064004809403
1550982448280366
1548724680172079
1544327775176001
1546875343001090
1536767660929123
1538353244545035
1548678348705829
1555135120155061
1539729329615969
1550893357010643
1550422552228852
1550685152515729
1547539088341458
1550322351319126
1553791646260205
1550422888401952
1537019693714134
1549127659920852
1550954216899132
1551254115694461
1545793063806275
1536767188728184
1550308732417528
1551696576379662
1552596452362052
1550502634468884
1551849040511827
1551968512149452
1547718919302474
1551241552058873
1549608413453462
1536767244136893
1550349243966239
1549248700821221
1551348436246323
1551756368849009
1539729320951885
1547445453090174
1549974399926031
1547533811471853
1546692950004835
1553138625979055
1553704006753326
1550954879928096
1538380620640678
1550491970845566
1550785432004569
1551049363505759
1550953538819079
1544961716909221
1540262717593457
1537186580809239
1551600255248403
1538346899224532
1553488668035049
1549425642642050
1550692462386597
1544424409925706
1549716515256427
1550119293694164
1550966974445682
1545056089352011
1552037537111450
1553586721663261
1552567904173236
1550421064156078
1546704141555131
1547689623327564
1548059563216619
1547863457808675
1537730547256076
1547318682468045
1536766602271830
1550717762350676
1548357541036306
1549855889996565
1550678812602312
1543053315812213
1550039822973338
1555649228974353
1537271617024896
1550037923678430
1543055152175959
1546617041317980
1553323140534938
1550331715612554
1552858791367618
1537100260684241
1545165476102108
1536667817802713
1549438205889783
1553674483411789
1547512493766131
1536557752918599
1550580823875064
1546079337994304
1550947367462524
1549777648093793
1548770610033715
1549246947235798
1551861230904499
1549330394915941
1553332501952183
1554196501090422
1547441410239990
1553579767501768
1549255309314335
1550888272064721
1538537099131548
1536769308908672
1552422950033071
1549770794136661
1546865348615564
1550952332912302
1551050900410134
1537091904970662
1551952822522972
1547796365734712
1551793447737795
1537810316529191
1548054536106339
1552070058168126
1546722082019925
1550670197189762
1544802185833247
1550424455494254
1552485437217243
1547769449460204
1550864297174424
1536767984069926
1549125549253842
1550963995344563
1549251810468652
1550580023648296
1550948034216643
1549304116771266
1552412770892024
1553775563606346
1552573616394441
1551852011698018
1544998992170121
1546807523837924
1553677429848495
1548035824954240
1538432277235708
1551597834741699
1550589562340323
1551676154986174
1549875511850741
1556101497854275
1537280409466611
1548604025917379
1536552663110584
1546734096835527
1544810581427418
1553122471913839
1536585761489190
1543162377088773
1550669664097714
1550578976365369
1551689474571936
1548531701162108
1546734396379776
1550979241153631
1550480785381490
1536766975198570
1544738006928691
1549044760638107
1548775210444368
1547686849710159
1550675287358946
1549396159936687
1545093763836095
1547725484510628
1546142825547138
1546950678292863
1550536971639634
1550323138177162
1548404584674859
1536930113265732
1536740360109621
1536576618598106
1549678081103394
1553701951475514
1550512586814929
1547605598643460
1550640101657414
1550230893427616
1553575504475243
1538998139071721
1544319068027300
1546685057503986
1536771423150175
1550895712157453
1552228719382070
1536768279494925
1550681391078635
1547147912267972
1546511083195022
1540184233737707
1550521737415308
1550596863382018
1550637374548470
1536795372324334
1536766603275304
1551896381450799
1552042588064296
1550635176683039
1550422837992481
1544331365809334
1546689452046484
1552149871140274
1546713357062187
1550644243266247
1551581032549254
1550501055943223
1548606198313772
1550593170932211
1550874579350664
1551119592572255
1552066602027428
1548154709576340
1547520595309969
1549408895157679
1550390664973783
1536767647193373
1545621813156625
1548073237764225
1544350405015429
1550667477268467
1542169698369484
1554217848823392
1550424812016041
1549779218371166
1545073488399019
1547690479477514
1536767567191845
1550486247625762
1537723364395786
1548723005260846
1547603302563617
1550055402649700
1547178023011074
1536948720527761
1551772058528153
1550325656410411
1549045725353674
1552146496695013
1537023462787936
1553396370365287
1550645407351648
1553050012289054
1554144315166703
1551022534421574
1536771001787027
1550500233547387
1551751177327802
1549761240784194
1553394385880697
1539375480640508
1542535554468118
1553710796562298
1550760397738232
1550254767471836
1551249985726042
1552127592091436
1547055536029179
1550310947509031
1537026551788417
1549323702645285
1550671674213969
1551029223052837
1536767152331793
1551126324211098
1546710086948591
1553242448987999
1553746602516714
1550631711571194
1548778315208141
1544458606893611
1553395764486063
1553049691333770
1550970614692191
1550855051045705
1550395684274259
1545245450209738
1537208731185307
1544445429751588
1552884252803622
1553378497384409
1551124700394431
1550955474212192
1539729317928956
1544250135708156
1541448117513265
1550495389666856
1550954820618985
1545016020995930
1538446543142556
1550942922847592
1549042240308033
1536767157006156
1550964632287470
1550506446359368
1549334108131826
1550486004191941
1546857451587647
1546540081148624
1549176835396727
1539102086425324
1546708545236514
1547505222521272
1536771731538301
1552025480396031
1549539240204322
1545380555321595
1551942929448898
1546228801560048
1541451276288784
1551501358420819
1550341498451424
1550231071362628
1550943122152325
1545350160450430
1553749324759854
1538351705252123
1541082124120163
1544796071181239
1556212170910923
1550422595081832
1551145381698447
1550777462278071
1547723001533951
1545450825745800
1555152250332123
1536770562158568
1551512979512869
1540475648211424
1554509146360990
1547793975835024
1549306394771579
1549811648906066
1548050031476304
1550634341158035
1536536533032970
1550957120930743
1550893611305402
1537288374333270
1549714986458975
1545072045796663
1553140323530842
1552155058983674
1550595406032412
1550407405868503
1547589001090978
1552341312400388
1542337023282710
1550421300646443
1551115880093549
1550609485500569
1537989322415140
1550307449286579
1546971775416005
1548874700508553
1538550172005052
1553239667767416
1550779585030377
1550942358780881
1552029210316378
1538983206001493
1549700161573073
1544342024043734
1553699694049366
1541786967333460
1536766803360169
1546533147819606
1550637501007442
1537005858812215
1546694632725333
1537304734347380
1552590684446082
1546145190714318
1544864356802663
1550598085425227
1553257764451183
1551030492391995
1551138979126226
1549870904964009
1551031350338370
1538615177036546
1550506773228798
1537275495115373
1545077765003863
1547231323939419
1552182684850225
1551212081297901
1550689818954724
1537377175251057
1545454802402801
1546701020265506
1553679153216539
1548516965742847
1550412054484818
1536656843514037
1550572259465255
1553575885606757
1549865144416857
1553225732202273
1550637197489238
1550665739071273
1537087328041146
1546086375660508
1550057532710727
1549772693989002
1538293370120695
1541822142547668
1536766242105522
1550885629035933
1545710050674727
1537259011661566
1550581339016698
1552415265469637
1551677666699820
1548243251467169
1551503354368168
1547784176085901
1553109287051114
1551071549221913
1551939813917617
1551418292329487
1536562551955247
1549667253269360
1549064112412433
1551846407697212
1552970837346034
1550428070402051
1546681062252268
1553298323900473
1551144107434005
1545232593843272
1553087990310006
1547240415299308
1536766873015493
1536769342093375
1550417612014784
1536773988134914
1548701289207930
1547675723415812
1541384236317174
1537466691329544
1545591502265705
1546617062013314
1553607191526199
1547783049464436
1537349250860428
1538643152010580
1537121236932264
1550878060604075
1549868594173246
1552798635098096
1549711246041599
1549403621509065
1550644252408036
1550602720385000
1550951436678856
1552700086504321
1547794009130186
1551029782401264
1550947200485949
1548065443336729
1549518252440403
1550632864502783
1548133463750508
1546317177546494
1550634740899787
1536766209631977
1547516271457512
1549413724815412
1550962485549659
1550511842732348
1551774437698130
1550938040116451
1550773447990123
1555327183556881
1550430421558555
1550706725327540
1551144916723333
1550321597922849
1550963114901404
1543161879248222
1549785048531744
1553024180167123
1551866532811403
1537817657390820
1549687110798506
1538180289459482
1537378971213583
1552367997316993
1552944880922061
1545867173392074
1547785068859022
1550666329166288
1546789173647460
1549313401288437
1553517989546175
1553786164912012
1537319367728133
1551116160916429
1550878361055480
1550640578570420
1546210117359409
1553032330997310
1551496453278628
1547542881235626
1550030087703209
1548488859893201
1550978279271053
1550415872752591
1550323306355033
1538726572707350
1550775530944959
1536766847459976
1552886346105693
1539279561576223
1549885546919931
1537367493700127
1538364906745832
1552513127221237
1537372890773644
1537376350860543
1548061013074466
1550578173023964
1536978012589383
1546700235224481
1551956055445961
1553480125050562
1546698460600876
1550670997168398
1551850365360012
1550643349493190
1550422863773122
1551029933449702
1550960316079203
1536772508583909
1549665674046834
1549786432140924
1546689042514144
1550641996125939
1553298638898719
1551146279423258
1549779689970162
1550510429711544
1551882213078736
1550569846790213
1550975524555938
1554603948442014
1549502285914133
1551053962006827
1547422650887056
1547509376450027
1550937110880026
1550851564518578
1544342461392342
1549223972694235
1537195104256385
1550510249088811
1546617045524999
1550637068304550
1537302552778525
1552048651214717
1546231681924136
1552597421633629
1550579276244473
1548069049217031
1553210022113839
1547977256612088
1545457286817746
1545899496566915
1537355863806024
1544908573338153
1550633117626208
1550691099215852
1550045317895817
1546689204561135
1538613774030698
1550682206159528
1536769475189274
1544697654981540
1537106060240336
1550682036838410
1550506488075349
1545413692030428
1549176495734103
1550700622558944
1549862073219213
1550422142235394
1549787463190809
1547407994282397
1548494212845979
1550946650743262
1550881791893440
1547516142586163
1552430228379695
1545551619513931
1550424982083360
1550600327001776
1550679625926205
1552317627039727
1550854210955924
1555042844573030
1549227798668549
1551257821470814
1547691119707110
1553857820814299
1552061908696311
1549853120818622
1551771698645218
1538625514192764
1546675598121908
1550637612637913
1553126355144963
1546705257735003
1553585862253392
1549982742345648
1538012284032881
1545352134008433
1550412557115092
1548160137440627
1549975819681066
1552498431581185
1551143892234963
1552606646270396
1547781697338545
1547536292810982
1550945101375991
1549602250108326
1548590640544157
1546061370604325
1553663250287830
1549783581509202
1552504743247263
1550443183968612
1548049910846390
1542263996102273
1550485295386144
1550755050707400
1551146802326855
1546675232597284
1550896417059848
1552860333550510
1545415193890348
1552144154855100
1551168224184735
1550440071426566
1550593242528366
1550978475615582
1545089081167520
1549495322589356
1538906652068150
1550163917424863
1549869968065677
1553046744735542
1545914173169196
1553333226017018
1537190941905145
1540254607011475
1550865261763338
1536911341618848
1550847300884894
1551771058815753
1551881439908725
1553575023623724
1548150792095953
1550260734489689
1536766470571656
1537467124971398
1546882925540851
1549039003378304
1551107502701322
1549866693167425
1538737027048535
1550326860153057
1545897159267492
1537088754947125
1552521924257248
1551940668302550
1552404213063884
1552076182615631
1556035426278183
1554764261695632
1548780976740890
1545873748800772
1550426687762322
1544692173819706
1550944509532911
1550959271533975
1551344841778362
1551681340487256
1536922890569313
