1548488859893201
1556282696464099
1550609485500569
1550952332912302
1554199163195395
1552228719382070
1537087328041146
1552964122325502
1550942668716907
1551775964595825
1553699694049366
1551621600404582
1548035824954240
1545165476102108
1555758458019040
1550506446359368
1550667477268467
1553320705377949
1538432277235708
1550486004191941
1549250241651955
1552870057476518
1551936291406415
1555124794500712
1551676405380523
1536667817802713
1547445453090174
1537208731185307
1554974241943910
1556244398261380
1551252063412567
1546875343001090
1537019693714134
1545245450209738
1547514430563919
1553469650699440
1550963412973857
1553876848359310
1550637612637913
1547689623327564
1553416217493706
1552592294154574
1554489283048769
1550635176683039
1547807874609109
1555865446438461
1553865540786320
1552939461185022
1551223928439771
1550417612014784
1552385467473838
1553479552379872
1547520595309969
1552592104054369
1547724561467757
1536766209631977
1553691577985798
1553697006173827
1554479732507062
1551107502701322
1554867285726191
1551301328657798
1554135650125627
1553867044695567
1553217890192848
1555110735129324
1546511083195022
1553773052184100
1552592902318955
1549414470885495
1553035226017264
1551961788870904
1545457286817746
1547783049464436
1553027623464348
1554330033643327
1550636590990098
1551793447737795
1553766489369072
1550847300884894
1552416276901969
1556104758277613
1552224425633453
1552844017171152
1553859152605618
1553198119774638
1556029761297578
1553135889231697
1552655601182206
1537106060240336
1551116160916429
1543161879248222
1550885629035933
1550636286455187
1546617044984401
1549227798668549
1555470795159217
1549306394771579
1550502864751528
1550942922847592
1553614557312229
1554293960388090
1550634740899787
1549715168724511
1537259683777161
1553113849291301
1554333866368744
1551817314186422
1552215954454835
1551808703608814
1552412216570690
1550041240963868
1553663250287830
1550422552228852
1537989322415140
1538332987636372
1546317177546494
1551588798705525
1550637501007442
1550031679530433
1551883456819118
1553087990310006
1554963091848896
1553513701336921
1550878060604075
1556137476443612
1554129996276125
1551846468369428
1552861770870381
1548243251467169
1553122471913839
1551688627199982
1556039422274123
1545008961150308
1551622338913538
1552163849741712
1546882925540851
1544912354826155
1551031352832403
1553419532455858
1551132440382627
1550938040116451
1554962446498003
1536937292311859
1546689042514144
1542354353229308
1551699955390902
1556219497187265
1549495322589356
1552304537326524
1553032330997310
1547334878031380
1545565355165241
1551153032611901
1553491243473539
1555220546588404
1538012284032881
1550774121915309
1549408895157679
1550030087703209
1547718919302474
1553781707462685
1552030003288611
1554606160435612
1551680156996909
1538643152010580
1553021973284077
1551025548408360
1546617062013314
1538550172005052
1539102086425324
1537804461160350
1538446543142556
1553618203697467
1555128279053611
1549785048531744
1553139999401374
1555660421240008
1553378497384409
1551683563722307
1554838291304111
1552149871140274
1550943122152325
1553130815001425
1549777648093793
1549326958161092
1550045317895817
1551758584006010
1550864297174424
1550318458122602
1553488668035049
1536769475189274
1549876007011052
1549396514045501
1552864773355979
1553400498145279
1538615177036546
1553057769594776
1552590684446082
1552212372471185
1553773415208003
1555102738773193
1551211519964222
1556651170533727
1555075238515214
1549974399926031
1551050900410134
1551045764056671
1552157900290600
1553796263593715
1553050158308088
1552225299300366
1537091904970662
1553585770347365
1547808481302167
1536773526264199
1550422837992481
1553690795126419
1551971448658981
1553677429848495
1553700358638793
1554059125447835
1546231681924136
1551030883667286
1554432850940498
1552508109891428
1547068113540661
1552931571567647
1549868594173246
1554308771687389
1536766873015493
1555517327423902
1553477565404769
1550054665409695
1552411890152961
1552341312400388
1551075856455462
1550331715612554
1553679153216539
1551317780804736
1537121236932264
1553396370365287
1549866693167425
1552158410164567
1552046786032671
1539273427288134
1554846901281886
1549248700821221
1554854148570259
1555421676151802
1556397907485604
1550692462386597
1551694564766236
1549608413453462
1536766846283363
1552572335960294
1536557752918599
1550254653862369
1536656843514037
1536767647193373
1554961009129793
1552445531809790
1549233419522614
1554398662305634
1552866666461738
1551481935492608
1546873830677655
1553049061642945
1554488903888464
1552172913635249
1545774789063545
1555574265873664
1546636437159197
1553214839080009
1553536023208361
1552852480859964
1553133277094051
1552343091219404
1550945101375991
1548073237764225
1555484934584381
1551964951303569
1546675598121908
1550055402649700
1550578173023964
1552037537111450
1555058552966058
1551240033623258
1552050845822804
1550424982083360
1553515230091831
1536647833508510
1553049691333770
1550948034216643
1552493502532840
1548415998030703
1553480125050562
1550039822973338
1549687110798506
1552522083091100
1549255309314335
1546701020265506
1550773447990123
1552300124439779
1552675500316744
1552144154855100
1550966674330496
1553494511968957
1552326841535443
1548494212845979
1536539501697174
1551861230904499
1550640101657414
1547863457808675
1550997205862670
1540262717593457
1553866701724276
1550423455574081
1552493847803410
1545892941387975
1553109287051114
1545883109901321
1554496901294052
1550691716085158
1549833819813794
1556289276325109
1538364906745832
1550424812016041
1538240145605478
1551512979512869
1548445827414661
1550964632287470
1552416177782947
1550589562340323
1554243707806897
1552931365869625
1550865261763338
1551958747261744
1552504743247263
1553309106988403
1550666241900566
1554974725143502
1550502634468884
1555409319749730
1550412054484818
1543602820525702
1550947367462524
1548590640544157
1551501358420819
1550842431899541
1536552663110584
1547723001533951
1545546385767116
1554306097367593
1550504435418107
1556134250810093
1554330941501548
1547147912267972
1546086375660508
1553066698593200
1550598085425227
1549975819681066
1537730547256076
1556292805702805
1553392589384821
1549334108131826
1537100260684241
1553789391045277
1549779218371166
1550783397571832
1542169698369484
1548681253588530
1551949851967898
1543059162087803
1555126924625022
1553132469111502
1550670197189762
1549403621509065
1553025344253005
1551896381450799
1553688988970324
1550681484156149
1547515247639872
1550643349493190
1546722082019925
1553672832092883
1550909603120977
1550421300646443
1547509376450027
1553696434880229
1552384606676425
1548770610033715
1553496425413137
1553771778691049
1550635622524046
1552519981744054
1553155322972332
1554963663238861
1550641996125939
1537355863806024
1544961716909221
1554938285654059
1550442536039357
1547793975835024
1554330124284668
1546688186128273
1547512493766131
1552837803675464
1556281744392772
1554201916936004
1549772693989002
1556206801181101
1553394385880697
1552858791367618
1553592311314997
1536928819374018
1550637068304550
1552046909428190
1555689892434365
1548051830496570
1551866532811403
1553517989546175
1546222456954492
1550495389666856
1541451276288784
1551032821224444
1553030459274155
1541444038703505
1551594710136526
1550875339462966
1553060388414570
1552306560716048
1553125932003823
1550323138177162
1546533147819606
1556376952448612
1552041235911526
1550628776668651
1553232510988236
1552970837346034
1552596452362052
1550521737415308
1545086142569526
1552884983167166
1551865819498760
1551427781266679
1554234220866032
1550632864502783
1555045710925100
1537372890773644
1547418371019604
1552233887214157
1544796071181239
1555495380616361
1552021751857079
1547702403216877
1536930113265732
1537319367728133
1548874700508553
1550667252683294
1551263081612478
1539279561576223
1552338490604925
1545897159267492
1548775210444368
1553767633844442
1544342461392342
1550978834810072
1549400766715529
1538380620640678
1553495258005659
1553614041571505
1553247202841938
1550625412065443
1554585383672004
1547143002040931
1551615601227510
1536766579987549
1551115880093549
1553254547521428
1553571827756145
1550643431458969
1555042844573030
1553124550551026
1552427772885206
1554949088858262
1544445429751588
1554764857877681
1554319383803794
1551143892234963
1554755853499102
1552323873353903
1551853041847601
1552427026572412
1549770794136661
1554296018942421
1554204440658829
1550968459457500
1550688337160353
1541082124120163
1556216137756799
1551946344135584
1546675232597284
1544908573338153
1544597254455112
1552496988126913
1551232161495552
1536770223893544
1550937110880026
1552314191804283
1537011018722898
1550949303539633
1545915446182451
1554040777051295
1543053315812213
1550124300139642
1550675287358946
1537186580809239
1553050772346006
1550511842732348
1551939901284097
1536935345420773
1544319068027300
1550602410705915
1550902470702956
1548150792095953
1553576596229842
1547318682468045
1548046881772584
1549783581509202
1550978475615582
1556286662590569
1553674483411789
1551522619554350
1553253840676327
1553494274351935
1553622428627346
1550979241153631
1545793063806275
1547853649033925
1553571125943428
1542628938873597
1544191758958596
1551774437698130
1536585761489190
1551951000717447
1546689204561135
1555020280306625
1539644705500507
1553244194159465
1551869938125792
1546617044061241
1552927990406542
1537349250860428
1548436997098095
1547603302563617
1553786987031668
1556226341602272
1552614706409046
1551022534421574
1542805083812706
1546704141555131
1551910921218092
1539375480640508
1550504739364030
1551030492391995
1553932424895136
1553741612150720
1552423077223070
1551968512149452
1551512406045445
1552235560625476
1546688762066080
1545551619513931
1549304116771266
1541822142547668
1552401316539061
1553524113115470
1551319543359274
1555758485448038
1551862790375209
1554383883024432
1550888272064721
1552415859424682
1551140733168050
1549331241215484
1545413692030428
1537091334320049
1547589001090978
1551763766280140
1550875673790488
1536812255649658
1536771001787027
1546239121884439
1547516380671759
1547579761628262
1542259543361557
1551029010800996
1553700185342499
1546865348615564
1552580383874056
1541454735992052
1544738006928691
1554593211882361
1555053713462578
1552489449540750
1544331365809334
1551789677245003
1553336759065947
1553123042173354
1546718149107714
1555612877496366
1555325484789418
1545706894849578
1553665803346190
1551145381698447
1551330103002488
1551597834741699
1553774403119131
1539018034261023
1553672502222098
1537810316529191
1551665324365843
1551942696429739
1555862603799917
1553839576078837
1551689474571936
1552605301316794
1553746602516714
1547499562365250
1550119293694164
1541384236317174
1545710050674727
1553974909283048
1553844450239165
1538756836083112
1550581339016698
1554492506400227
1549408703890261
1549147001778778
1544350405015429
1550424455494254
1553328038512919
1536773988134914
1552700086504321
1553228957718015
1546685057503986
1550640578570420
1547690479477514
1550421064156078
1537033521301781
1550341498451424
1544864356802663
1538293370120695
1552412770892024
1551798775953459
1554252393395712
1554962008336613
1547781697338545
1552597421633629
1553610223828898
1536768045653496
1555215539943154
1554948988310183
1551073159271193
1549958804861005
1545352134008433
1551932804886644
1552938558388593
1552890080174197
1540185833306023
1537921645672072
1545448855797017
1555667777476850
1555061982570241
1555108861423746
1551131213145596
1550579276244473
1545254827591975
1548068084532147
1544458606893611
1553229936068826
1553747961727462
1550310947509031
1554747881613686
1552042588064296
1552315906841061
1553141029240701
1554586349101266
1547686849710159
1553587100732115
1555109464671417
1545914173169196
1547713535196864
1537376350860543
1549246947235798
1553382625979081
1552978082795521
1551052179811065
1549716515256427
1551681548466180
1552941060821741
1549413724815412
1543600510032296
1550486247625762
1552079575720669
1551863874279419
1552397987423969
1546708545236514
1552048651214717
1553769090823707
1551029933449702
1553667232189647
1540184233737707
1549251810468652
1550573932301739
1555014147916538
1552942552518228
1545016020995930
1554306295530577
1556201229214040
1551576109710295
1544327775176001
1550395684274259
1547708609074435
1549853120818622
1550593170932211
1554783091212560
1552317083469128
1553230273538671
1552606646270396
1550681391078635
1553574106509466
1537190978779018
1550633884518654
1547675723415812
1549425642642050
1549982742345648
1553667764682954
1551850365360012
