1536585761489190
1548488859893201
1551896381450799
1553688988970324
1555020280306625
1550609485500569
1549361530374450
1550681484156149
1547515247639872
1553025344253005
1550233290594271
1537087328041146
1550781026622681
1549777648093793
1547509376450027
1556282696464099
1537349250860428
1548770610033715
1555109464671417
1551119592572255
1536766803360169
1541454735992052
1553488668035049
1553155322972332
1550506446359368
1550855051045705
1555865446438461
1538432277235708
1553057769594776
1552590684446082
1549250241651955
1550637501007442
1550759165607344
1552422950033071
1555102738773193
1550645407351648
1556651170533727
1549974399926031
1551050900410134
1545249695006461
1551257821470814
1553332501952183
1551252063412567
1551968512149452
1546688762066080
1552953220180442
1552225299300366
1537091904970662
1553585770347365
1537106060240336
1546689204561135
1551849040511827
1550422837992481
1553622428627346
1536771423150175
1546231681924136
1552046909428190
1552046786032671
1551862790375209
1546222456954492
1550495389666856
1541451276288784
1550599471628039
1548046881772584
1546714980413268
1550064004809403
1541822142547668
1553575885606757
1537091334320049
1552939461185022
1550875673790488
1547418371019604
1550950563417768
1546533147819606
1536771001787027
1546239121884439
1547520595309969
1552592104054369
1550635176683039
1553322079804961
1547579761628262
1553513701336921
1551029010800996
1553396370365287
1552155058983674
1545086142569526
1549866693167425
1553032330997310
1552884983167166
1544738006928691
1550632864502783
1538180289459482
1553867044695567
1550323138177162
1553336759065947
1555110735129324
1552021751857079
1544796071181239
1552962602401416
1545706894849578
1546511083195022
1551145381698447
1556397907485604
1548874700508553
1545457286817746
1545897159267492
1555484934584381
1553113849291301
1536766846283363
1549400766715529
1552337584204164
1536557752918599
1552203615901853
1553746602516714
1547068113540661
1554585383672004
1537377320324900
1545710050674727
1550888272064721
1549853120818622
1550504450870276
1553214839080009
1536766579987549
1550424455494254
1551115880093549
1553243312868446
1547679425465707
1542893069163204
1549227798668549
1555042844573030
1552427772885206
1555470795159217
1544445429751588
1546675598121908
1550854210955924
1550578173023964
1549786432140924
1553592311314997
1552323873353903
1552890080174197
1536768045653496
1549770794136661
1550424982083360
1554204440658829
1553515230091831
1537810316529191
1550948034216643
1554333866368744
1549958804861005
1552215954454835
1546617045524999
1547147912267972
1542333157124228
1552485437217243
1544597254455112
1538332987636372
1550966674330496
1546317177546494
1551232161495552
1552228719382070
1550975524555938
1548494212845979
1551223928439771
1551053962006827
1550997205862670
1543053315812213
1538353244545035
1550675287358946
1538369301811138
1556376952448612
1548715696666025
1553141029240701
1554586349101266
1553587100732115
1550511842732348
1551613977568577
1548243251467169
1553122471913839
1537376350860543
1549246947235798
1538240145605478
1552519981744054
1551512979512869
1550633117626208
1551052179811065
1552931365869625
1550865261763338
1537259737647786
1550602410705915
1550486247625762
1546882925540851
1554948988310183
1546708545236514
1552860333550510
1546877442009089
1549251810468652
1548590640544157
1547318682468045
1539375480640508
1550625412065443
1550978475615582
1550842431899541
1545016020995930
1536552663110584
1549495322589356
1552884252803622
1551576109710295
1547334878031380
1544331365809334
1550951400215216
1538012284032881
1549783581509202
1547708609074435
1549408703890261
1549408895157679
1554783091212560
1551942929448898
1553066698593200
1547718919302474
1551481935492608
1537730547256076
1547512493766131
1551680156996909
1550633884518654
1549334108131826
1547675723415812
1553667232189647
1539102086425324
1555667777476850
1538446543142556
