1545337312665675
1546966860812779
1550615610785257
1550952036905360
1550955250518741
1538368806611053
1550235128384419
1553164434970098
1548157843950479
1553703778385341
1537036023583517
1549689647891502
1549686572057478
1545341874182591
1547690494597126
1551886359493763
1547814148759979
1550943122152325
1553064474854368
1550574469420638
1547962831818227
1552611208410951
1536767619017137
1546877427937657
1551661991642141
1551253115055926
1547314078222810
1538554125289488
1541170105806670
1550307303091441
1552790215230125
1550426142039565
1550577608036989
1546689042514144
1551045142388021
1552862244334078
1545883618950916
1550119293694164
1550323138177162
1544785604022158
1549689351928754
1545344108200234
1537376350860543
1553040384974002
1537461481055602
1548898328280939
1544864356802663
1544777673188378
1547164965241875
1552760433006891
1553515230091831
1545137005871881
1536766809283559
1552957496784570
1545456515013773
1550969815431569
1550424812016041
1546865348615564
1550962362481270
1537269833827130
1536915415684855
1551037984964726
1548789957811389
1536667817802713
1544459012753560
1550429804847912
1538030458794795
1536655172928136
1544608607519920
1539167600789163
1545432708608349
1545255890298276
1554121675916424
1553087990310006
1547807874609109
1552393764943566
1541714684810503
1538180289459482
1553766904237058
1552041924814761
1545247923437821
1546969760505409
1550666241900566
1546152156966570
1547860812051955
1549172110370941
1548787340143788
1553143900809072
1541190710072607
1547216362461104
1552895191316340
1550246677420595
1547951825832186
1553015779525863
1552872066867655
1553616012128122
1541785731783349
1548030917188061
1545952265857038
1549042682414214
1546873830677655
1553127492311471
1546868226391778
1553567330841163
1553109287051114
1552969643428738
1550944752048186
1541799544059540
1548322445987040
1553126355144963
1540185614522354
1545603866309540
1544652164731677
1550588169032959
1549434342400353
1550308385002462
1550422552228852
1544343891724811
1553059213389964
1552866066188644
1550888918656183
1550982448280366
1551881980803602
1553033946646953
1549974100410093
1547801588828566
1552480662550762
1550521737415308
1545551619513931
1550528175082702
1537219113685976
1550602949878778
