1554048004588076
1548606476945028
1540184318251861
1551767342309903
1551033943887022
1553317256446897
1550325574667992
1546590670463247
1550669403396490
1548688206523391
1551767342309903
1548606476945028
1553317256446897
1540184318251861
1548688206523391
1546590670463247
1551033943887022
1550669403396490
1550325574667992
1554048004588076
1550949591843863
1548688206523391

1549126212640235
1542175920172034

1551034127415894
1550669403396490
1550325574667992
1554048004588076
1548606476945028
1553317256446897
1551033943887022
1548688206523391
1554048004588076
1550669403396490
1546590670463247
1550325574667992
1540184318251861
1551767342309903
1550949591843863
1550669403396490

1550325574667992
1551034127415894
1542175920172034

1554048004588076
1549126212640235
1548688206523391
1549126212640235
1551034127415894

1548688206523391
1554048004588076
1542175920172034

1550669403396490
1550325574667992
1550949591843863
1548606476945028
1550669403396490
1550325574667992
1546590670463247
1548688206523391
1540184318251861
1554048004588076
1551033943887022
1553317256446897
1551767342309903
1548688206523391
1548606476945028
1540184318251861
1550325574667992
1550669403396490
1551033943887022
1546590670463247
1554048004588076
1553317256446897
1551767342309903
1551033943887022
1554048004588076
1546590670463247
1540184318251861
1550669403396490
1548688206523391
1550325574667992
1551767342309903
1548606476945028
1553317256446897
1551034127415894
1550669403396490
1554048004588076

1542175920172034
1550949591843863
1549126212640235
1548688206523391

1550325574667992
1546677751930204
1540184318251861
1551857813980020
1551581976482724

1546149746916396
1551049903498966
1536769815940934
1547887529511956
1554048004588076
1548606476945028
1540184318251861
1551767342309903
1551033943887022
1553317256446897
1550325574667992
1546590670463247
1550669403396490
1548688206523391
1551767342309903
1548606476945028
1553317256446897
1540184318251861
1548688206523391
1546590670463247
1551033943887022
1550669403396490
1550325574667992
1554048004588076
1550949591843863
1548688206523391
1554048004588076
1548606476945028
1554048004588076
1548606476945028
1540184318251861
1551767342309903
1551033943887022
1553317256446897
1550325574667992
1546590670463247
1550669403396490
1548688206523391
1551767342309903
1548606476945028
1553317256446897
1540184318251861
1548688206523391
1546590670463247
1551033943887022
1550669403396490
1550325574667992
1554048004588076
1550949591843863
1548688206523391
1553317256446897
1550325574667992
1546590670463247
1550669403396490
1548688206523391
1553317256446897
1550325574667992
1546590670463247
1550669403396490
1548688206523391
