00000000000000000000000000000000
00000000000000000000000000000000
00000000000000000000000000000000
00000000000000000000000000000000
00000000000000000000000000000000
00000000000000000000000000000000
00000000000000000000000000000000
00000000000000000000000000000000
00000000000000000000000000000000
00000000000011111000000000000000
00000000101111111111000000000000
00000000111111111111100000000000
00000000111110011111110000000000
00000000111100000111110000000000
00000001111100000000000000000000
00000001111111111111000000000000
00000001111111111111100000000000
00000001111111111111110000000000
00000001111110000011111100000000
00000000111110000001111100000000
00000000111110000001111100000000
00000000011111000001111100000000
00000000011111100011111000000000
00000000001111111111111000000000
00000000000011111111100000000000
00000000000000111110000000000000
00000000000000000000000000000000
00000000000000000000000000000000
00000000000000000000000000000000
00000000000000000000000000000000
00000000000000000000000000000000
00000000000000000000000000000000
