55667458
54408172
55657125
54631716
54881854
57415648
54929620
54959467
56024983
54729222
54847056
55667619
54985721
54926665
54836365
56496018
54924141
54847337
55000762
54836134
55517687
56020517
54896627
54666435
57470073
54617192
54863979
54912299
54882325
54835931
56024039
54847584
54744322
54847522
54927067
55001066
56298628
54835435
54582708
55667514
56294143
54897158
54930458
56845837
56679053
54866546
54671945
54863884
54884387
55001670
54846631
54599639
55251512
54861717
54948590
56026012
57426615
56855179
54408126
54866020
54908811
54755197
56021198
56680402
56022851
54862745
54631612
54881364
55667656
54960114
54673323
55000505
54846792
54959213
54671338
54864171
54711812
54630485
54755168
56019374
54710537
54882248
54863668
54583554
54672172
54619051
54862915
54866411
54838838
54898292
54799672
55001128
54864342
54891326
54631863
54708544
54948085
54849145
54710254
54619282
54891122
54799768
54647768
54882177
54581956
54846081
55511452
54709008
54863796
55251396
54619871
54620070
54948790
54835709
54670879
54835545
54930270
55000555
54632346
54744226
