1548780976740890
1551118733235428
1545247923437821
1548424285113082
1554211825070663
1548255107021434
1546636209185751
1549243383856716
1552336620881634
1555836963167676
1550902127459486
1550645407351648
1537822401962958
1549062271937928
1550954857571625
1551016378965610
1553393570082449
1550909892611166
1554338498939424
1545959486181652
1550949537549062
1549241923778818
1551028842483342
1550639627976856
1550588690417504
1545903622161488
1550943762125557
1547799024151848
1550943744023171
1550948828523309
1554121675916424
1548067478477292
1550633502728938
1553319380204331
1553328103579304
1550597047352349
1553311417722935
1539528643678778
1553120443138770
1550946903350593
1550947879485030
1549242557952862
1550255977931539
1551030883667286
1550951987250366
1549495346986617
1550637258631992
1553395763748731
1539655503972097
1549241036377453
1550641325806404
1539018034261023
1549330412120985
1551031698888923
1554228545275614
1550633117626208
1549433195376277
1546084060185626
1550631255298507
1553329365364646
1550539558704526
1554566332232633
1550635361471174
1550906141111638
1548693183214829
1550640578570420
1553772602799727
1553442200949237
1550871109448498
1550610207352772
1554565381256116
1550644611240190
1550642269667378
1550638054120903
1551030136880459
1554192327088866
1552515353248668
1551031577469136
1554338707652984
1550975524555938
1550641941255039
1550640101657414
1552305230290716
1546159949910338
1550255598071447
1553241758268867
1555123238255559
1550799641194895
1537259683777161
1550953399204236
1537098399937403
1550996393800528
1554489136378760
1550640453528520
1550948419349920
1548402851874356
1550486247625762
1553045129277503
1552057392365493
1541714684810503
1554564682381372
1550589129175526
1545546385767116
1538379811485275
1550951650672312
1551032782451573
1551032668552047
1550638774802859
1550645559362573
1552573699263722
1550580023648296
1549864101352865
1553683132271183
1554282824505404
1549320803967052
1550638956524527
1550786368715843
1548512900251886
1554043360582376
1548242421821153
1548780976740890
1551118733235428
1545247923437821
1548424285113082
1554211825070663
1548255107021434
1546636209185751
1549243383856716
1552336620881634
1555836963167676
1550902127459486
1550645407351648
1537822401962958
1549062271937928
1550954857571625
1551016378965610
1553393570082449
1550909892611166
1554338498939424
1545959486181652
1550949537549062
1549241923778818
1551028842483342
1550639627976856
1550588690417504
1545903622161488
1550943762125557
1547799024151848
1550943744023171
1550948828523309
1554121675916424
1548067478477292
1550633502728938
1553319380204331
1553328103579304
1550597047352349
1553311417722935
1539528643678778
1553120443138770
1550946903350593
1550947879485030
1549242557952862
1550255977931539
1551030883667286
1550951987250366
1549495346986617
1550637258631992
1553395763748731
1539655503972097
1549241036377453
1550641325806404
1539018034261023
1549330412120985
1551031698888923
1554228545275614
1550633117626208
1549433195376277
1546084060185626
1550631255298507
1553329365364646
1550539558704526
1554566332232633
1550635361471174
1550906141111638
1548693183214829
1550640578570420
1553772602799727
1553442200949237
1550871109448498
1550610207352772
1554565381256116
1550644611240190
1550642269667378
1550638054120903
1551030136880459
1554192327088866
1552515353248668
1551031577469136
1554338707652984
1550975524555938
1550641941255039
1550640101657414
1552305230290716
1546159949910338
1550255598071447
1553241758268867
1555123238255559
1550799641194895
1537259683777161
1550953399204236
1537098399937403
1550996393800528
1554489136378760
1550640453528520
1550948419349920
1548402851874356
1550486247625762
1553045129277503
1552057392365493
1541714684810503
1554564682381372
1550589129175526
1545546385767116
1538379811485275
1550951650672312
1551032782451573
1551032668552047
1550638774802859
1550645559362573
1552573699263722
1550580023648296
1549864101352865
1553683132271183
1554282824505404
1549320803967052
1550638956524527
1550786368715843
1548512900251886
1554043360582376
1548242421821153
1554237925641337
1555226989898801
1553378497384409
1551845603992595
1555122752992214
1551300327997490
1554120602519098
1553663948220740
1553069899869585
1551440230041384
1554795462450773
1554590734064601
1551251306966643
1555389694911640
1554943974619815
1554757070932552
1552592093996785
1553289606085839
1554980096110000
1551692207357908
1551073722909607
1555056606220237
1555127465168905
1553955911211699
1552333371346789
1553943739588810
1552993202140781
1556398930339687
1554220777420668
1553504248688980
1554882765605355
1554617097598887
1539375480640508
1555490545762876
1556203799199430
1555207922875049
1555111619608429
1547445453090174
1545457286817746
1552202709858700
1555118805245650
1553332105510209
1553693267421366
1551851855549596
1553676611758690
1552424436690906
1554902657030081
1553785276873474
1554234217205448
1555697865011004
1554614484673409
1554498758406410
1553665383840928
1554153144505506
1553206859405205
1553677559218944
1555313869906940
1551599690895024
1552891798939467
1555115825642504
1554880891948870
1550973321592312
1554115580537300
1553155226069474
1556236955426380
1553691348551580
1554755903771011
1553683239183978
1555581110183596
1552610327702252
1554565176246241
1556030798459345
1552891978672513
1547609400489920
1555108688663369
1555436031041861
1552592739572923
1555053713462578
1546700235224481
1554946844528754
1555757796028678
1553309437101195
1554289978358837
1537319367728133
1554495963303632
1553972824538230
1555471740030802
1553393395471136
1555119564431530
1554107708309656
1555670386778401
1554222898471909
1553215940769265
1551587007684105
1552401599585165
1554601571766178
1553045412530625
1553756760463573
1555035124361393
1554412202212086
1553335986590651
1554500878343592
1553411225258927
1553500032416765
1555606612577983
1550612699979081
1555759415355811
1553583741516470
1553286450508754
1552498622899042
1553782580627384
1537106060240336
1554144315166703
1554229898792773
1551759705385432
1556191560030526
1554323039045118
1555116948438429
1555591513017685
1554949088858262
1553766131772511
1554155915192142
1553791803665120
1554139941476413
1555108818162500
1554753961256111
1555046592626088
1556113011900966
1554852437505239
1553415644167348
1538618997919413
1555378996736761
1552067834804909
1551304387664722
1553564177863727
1552215954454835
1553867008561179
1554969366185334
1554670902749799
1553772340073861
1555126513830071
1550966688094459
1554494381275960
1552768830786151
1555152230396791
1553862967345868
1553221218604023
1553577907292145
1553900463994298
1552590684446082
1555512806027981
1553413504704861
1551859664970127
1554111720203568
1555575955990157
1552493847803410
1554787353204230
1554592442239782
1556210146194761
1551846468369428
1556387943898641
1541614279074563
1555248441863676
1552344250357819
1537021107064127
1554756039252927
1553774985871503
1553604918561132
1554256742337461
1553769125820176
1555661548146994
1555127835134622
1555506192734998
1551322333985054
1554140577906846
1553839239547751
1555487432291010
1554039541839166
1553419532455858
1554412935553227
1553432006090466
1551865819498760
1545879487895802
1553326508609815
1553379364522606
1556123427925514
1551487442826487
1554145041289635
1552500944969940
1547723001533951
1553768922810828
1553379111971622
1555189342251980
1553325894839666
1552866666461738
1555650628624407
1554980810655059
1550598085425227
1556184890704805
1552680096361214
1556134467067177
1554152334960459
1553217286026204
1551149837225040
1554605430985504
1553667232189647
1553588150331365
1553867458431782
1553838422231658
1553235995716813
1553748656723669
1554569188362648
1553569663222930
1541445558290242
1537010072110348
1554426311577217
1536766176334245
1547583216341493
1549688178025618
1555674111404324
1548497341802040
1550939456364925
1553338733610022
1550638513607164
1554196267139936
1546715179242826
1555788093737635
1551578329825926
1549332779114065
1553429380060672
1553516010004824
1549687110798506
1554493285337852
1555218274559413
1553925071538038
1555139534485022
1551850661035274
1555493936051685
1553763151380252
1556378415787509
1553065278390523
1554308962740164
