00000000000000000000000000000000
00000000011111111100000000000000
00000011111111111111110000000000
00110111111111111111111000000000
00111111111111111111111000000000
01111111111111111111111100000000
11111111100000111111111110000000
00111111111000000111111111100000
00111111110000000111111111100000
11111111100000000000000010000000
11111111100000000000000000000000
11111111100011111111100000000000
11111111111111111111111000000000
11111111111111111111111100000000
11111111111111111111111110000000
11111111111111111111111111100000
11111111111000000111111111100000
11111111111000000001111111111100
01111111111000000000111111111100
01111111111000000000011111111110
01111111111000000000011111111110
00111111111000000000011111111110
00011111111000000000011111111110
00011111111110000000011111111100
00011111111111100001111111111000
00000111111111111111111111111000
00000111111111111111111111110000
00000000111111111111111111000000
00000000011111111111111110000000
00000000000011111111100000000000
00000000000000000000000000000000
00000000000000000000000000000000
